Link,Page Rank Score
https://icerm.brown.edu/,1.0
https://icerm.brown.edu/visit/,3.2630773860892355e-17
https://icerm.brown.edu/visit/finance/,2.013019534726936e-17
https://icerm.brown.edu/visit/travel/,1.9502906756778538e-17
https://icerm.brown.edu/visit/facilities/,1.5542271674449772e-17
https://icerm.brown.edu/collaborate/,-4.613751684902076e-18
https://icerm.brown.edu/reuf/,-5.9313380057957935e-18
https://icerm.brown.edu/girlsgetmath/,-1.2517596709549675e-17
https://icerm.brown.edu/proposals/,-2.195552566784872e-17
https://icerm.brown.edu/summerug/,-2.3026212554168452e-17
https://icerm.brown.edu/programs/,-3.912535163352192e-17
dominant eigenvector: [ 1.00000000e+00 -3.91253516e-17 -2.19555257e-17 -2.30262126e-17
 -4.61375168e-18 -1.25175967e-17 -5.93133801e-18  3.26307739e-17
  1.55422717e-17  1.95029068e-17  2.01301953e-17]
dominant eigenvalue: [[ 0.30151134  0.68370917  0.14879496 -0.20203936  0.47472154  0.17237759
  -0.20982199 -0.16560449  0.21632792 -0.02521723  0.06866201]
 [ 0.30151134 -0.25403125 -0.76437816  0.27697033  0.285403    0.03524233
  -0.19171384 -0.15743841  0.17407079 -0.03279934  0.08920829]
 [ 0.30151134  0.39345149 -0.27584319 -0.0580331  -0.789344    0.01655889
   0.06273333 -0.18773416  0.08312902 -0.03087642  0.06669336]
 [ 0.30151134 -0.52476639  0.16442037 -0.66763253 -0.08797624  0.20794509
  -0.16176273 -0.19154946  0.19060063 -0.04599867  0.09305948]
 [ 0.30151134  0.0519818  -0.15365786 -0.18344269  0.00349852  0.07654459
   0.0661331   0.91485961  0.03892778 -0.00829499  0.01815639]
 [ 0.30151134 -0.04871347  0.19255444  0.03338051  0.00700916 -0.89866159
  -0.17365927  0.02183191  0.15445828 -0.03245707  0.07307296]
 [ 0.30151134 -0.15650195  0.45944303  0.6189788  -0.17566246  0.33350156
  -0.29114469  0.09343641  0.21123078 -0.03436244  0.09486829]
 [ 0.30151134 -0.08199445  0.11967788  0.11853596  0.15756926  0.01267365
   0.87726504 -0.12788653  0.23153578 -0.03350641  0.09124226]
 [ 0.30151134 -0.02577499  0.03298606  0.01378784  0.03032363  0.01135007
   0.00423254 -0.06696626 -0.35197147  0.88030118 -0.05275942]
 [ 0.30151134 -0.00938594  0.05192336  0.02527176  0.07226321  0.02053749
   0.01398513 -0.0658546  -0.77625837 -0.40239819  0.3619262 ]
 [ 0.30151134 -0.02797401  0.02407913  0.02422246  0.02219437  0.01193033
   0.00375338 -0.06709402 -0.17205113 -0.23439043 -0.90412983]]
