Link,Page Rank Score
https://icerm.brown.edu/,1.0000000000000002
https://icerm.brown.edu/programs/,0.0
https://icerm.brown.edu/proposals/,0.0
https://icerm.brown.edu/summerug/,0.0
https://icerm.brown.edu/collaborate/,0.0
https://icerm.brown.edu/girlsgetmath/,0.0
https://icerm.brown.edu/reuf/,0.0
https://icerm.brown.edu/visit/,0.0
https://icerm.brown.edu/visit/facilities/,0.0
https://icerm.brown.edu/visit/travel/,0.0
https://icerm.brown.edu/visit/finance/,0.0
dominant eigenvector: [1. 0. 0. 0. 0. 0. 0. 0. 0. 0. 0.]
dominant eigenvalue: [[-0.30151134 -0.30151134 -0.30151134 -0.30151134 -0.30151134 -0.30151134
  -0.30151134 -0.30151134 -0.30151134 -0.30151134 -0.30151134]
 [-0.30151134  0.93015113 -0.06984887 -0.06984887 -0.06984887 -0.06984887
  -0.06984887 -0.06984887 -0.06984887 -0.06984887 -0.06984887]
 [-0.30151134 -0.06984887  0.93015113 -0.06984887 -0.06984887 -0.06984887
  -0.06984887 -0.06984887 -0.06984887 -0.06984887 -0.06984887]
 [-0.30151134 -0.06984887 -0.06984887  0.93015113 -0.06984887 -0.06984887
  -0.06984887 -0.06984887 -0.06984887 -0.06984887 -0.06984887]
 [-0.30151134 -0.06984887 -0.06984887 -0.06984887  0.93015113 -0.06984887
  -0.06984887 -0.06984887 -0.06984887 -0.06984887 -0.06984887]
 [-0.30151134 -0.06984887 -0.06984887 -0.06984887 -0.06984887  0.93015113
  -0.06984887 -0.06984887 -0.06984887 -0.06984887 -0.06984887]
 [-0.30151134 -0.06984887 -0.06984887 -0.06984887 -0.06984887 -0.06984887
   0.93015113 -0.06984887 -0.06984887 -0.06984887 -0.06984887]
 [-0.30151134 -0.06984887 -0.06984887 -0.06984887 -0.06984887 -0.06984887
  -0.06984887  0.93015113 -0.06984887 -0.06984887 -0.06984887]
 [-0.30151134 -0.06984887 -0.06984887 -0.06984887 -0.06984887 -0.06984887
  -0.06984887 -0.06984887  0.93015113 -0.06984887 -0.06984887]
 [-0.30151134 -0.06984887 -0.06984887 -0.06984887 -0.06984887 -0.06984887
  -0.06984887 -0.06984887 -0.06984887  0.93015113 -0.06984887]
 [-0.30151134 -0.06984887 -0.06984887 -0.06984887 -0.06984887 -0.06984887
  -0.06984887 -0.06984887 -0.06984887 -0.06984887  0.93015113]]
